c Graph coloring SAT 
p cnf 240 1576
-1 -2 0
-3 -4 0
-5 -6 0
-7 -8 0
-9 -10 0
-11 -12 0
-13 -14 0
-15 -16 0
-17 -18 0
-3 -19 0
20 21 22 23 24 25 0
-26 -27 0
-15 -28 0
-29 -30 0
-31 -32 0
-33 -28 0
-24 -34 0
-35 -36 0
-37 -38 0
-16 -39 0
-40 -41 0
-42 -43 0
-44 -45 0
-46 -47 0
-48 -49 0
-50 -51 0
-52 -53 0
-54 -55 0
-56 -57 0
-58 -59 0
-39 -60 0
-61 -62 0
-13 -60 0
-63 -1 0
-64 -65 0
-66 -67 0
-68 -69 0
-70 -71 0
-72 -73 0
-74 -75 0
-76 -77 0
-78 -79 0
-80 -81 0
-28 -82 0
-59 -60 0
-69 -83 0
-29 -84 0
-73 -85 0
86 87 10 88 89 90 0
-7 -4 0
-21 -91 0
-54 -92 0
-68 -93 0
-5 -94 0
-77 -95 0
-96 -58 0
-59 -97 0
-98 -43 0
70 99 71 100 101 102 0
-100 -70 0
-78 -103 0
-20 -25 0
-104 -102 0
105 106 107 108 109 2 0
-88 -55 0
-54 -22 0
-104 -110 0
-111 -112 0
-66 -27 0
-113 -114 0
-115 -116 0
-87 -117 0
-118 -64 0
-106 -6 0
-109 -75 0
-4 -77 0
-119 -37 0
-120 -121 0
-122 -41 0
-18 -123 0
-109 -124 0
-125 -126 0
-115 -60 0
67 80 81 127 128 129 0
-130 -131 0
-120 -132 0
-133 -67 0
-134 -135 0
-3 -77 0
-136 -60 0
-31 -50 0
-40 -137 0
-138 -139 0
-20 -41 0
-66 -140 0
-141 -88 0
-142 -143 0
-51 -144 0
-106 -107 0
-124 -126 0
-145 -146 0
-147 -89 0
-50 -137 0
-148 -39 0
-15 -149 0
-66 -150 0
-12 -39 0
-80 -127 0
-151 -2 0
-44 -152 0
-63 -124 0
-105 -150 0
-153 -112 0
-154 -155 0
-3 -76 0
-26 -156 0
-63 -157 0
-155 -158 0
-159 -160 0
-155 -131 0
-142 -77 0
-134 -161 0
-161 -93 0
-162 -163 0
-135 -53 0
-148 -59 0
-159 -164 0
-63 -31 0
-145 -165 0
-76 -126 0
-166 -167 0
-168 -48 0
-130 -156 0
-28 -37 0
-48 -6 0
-154 -169 0
-170 -145 0
-80 -129 0
-84 -171 0
-172 -56 0
-15 -173 0
-21 -66 0
-145 -174 0
-175 -92 0
-159 -161 0
-176 -151 0
-134 -1 0
-170 -27 0
-145 -136 0
-127 -129 0
-68 -177 0
-178 -179 0
-116 -180 0
-35 -176 0
-181 -182 0
-15 -128 0
-148 -183 0
-20 -22 0
-96 -180 0
-119 -14 0
-184 -185 0
-45 -158 0
-13 -94 0
-152 -117 0
-138 -105 0
-115 -186 0
-183 -147 0
-156 -165 0
-99 -101 0
-113 -187 0
122 44 158 182 181 45 0
-13 -32 0
-44 -188 0
189 190 166 191 167 192 0
-152 -89 0
-184 -193 0
-16 -81 0
-190 -189 0
-122 -49 0
-193 -55 0
-147 -95 0
-11 -5 0
-168 -52 0
-52 -49 0
-30 -113 0
-88 -194 0
132 195 174 185 196 186 0
-143 -165 0
-138 -197 0
-198 -199 0
-200 -156 0
-145 -59 0
-3 -198 0
-103 -59 0
-127 -201 0
-202 -180 0
-170 -99 0
-17 -91 0
-63 -194 0
-147 -201 0
-159 -114 0
-44 -133 0
-171 -179 0
-163 -203 0
-21 -23 0
-204 -160 0
-16 -123 0
-39 -131 0
-178 -74 0
-196 -50 0
-192 -197 0
-142 -205 0
-71 -102 0
-88 -89 0
-168 -78 0
-115 -206 0
-7 -2 0
-46 -207 0
-208 -10 0
-11 -127 0
-3 -80 0
-148 -103 0
-100 -189 0
-101 -62 0
-209 -97 0
-9 -41 0
-106 -2 0
-21 -20 0
-11 -108 0
-208 -180 0
-96 -183 0
-5 -127 0
-16 -210 0
-169 -153 0
-178 -140 0
-10 -89 0
-150 -177 0
-211 -150 0
-180 -60 0
-11 -201 0
-47 -153 0
-32 -198 0
-16 -45 0
-123 -60 0
-184 -49 0
-69 -85 0
-195 -57 0
-121 -156 0
-195 -66 0
-79 -89 0
-143 -137 0
-115 -191 0
-32 -95 0
-128 -173 0
-87 -92 0
-48 -199 0
-212 -208 0
-111 -204 0
82 213 214 5 91 6 0
-17 -14 0
-58 -155 0
-84 -146 0
-101 -71 0
-15 -151 0
-215 -81 0
-216 -104 0
-52 -125 0
-198 -217 0
-190 -179 0
-104 -38 0
218 40 219 220 206 137 0
-69 -177 0
-124 -193 0
-87 -34 0
-115 -50 0
-151 -103 0
-84 -179 0
-121 -125 0
-43 -221 0
-35 -160 0
-53 -155 0
-154 -84 0
-181 -85 0
-203 -137 0
-115 -168 0
-84 -222 0
-101 -100 0
-223 -25 0
-224 -160 0
-196 -185 0
-39 -156 0
-64 -193 0
-142 -119 0
-206 -214 0
-145 -61 0
-30 -57 0
-72 -122 0
-162 -62 0
-33 -163 0
-120 -80 0
-190 -211 0
-128 -67 0
-82 -214 0
-191 -192 0
-191 -116 0
-208 -225 0
-169 -225 0
-181 -158 0
-5 -22 0
-147 -14 0
-152 -21 0
-148 -151 0
-47 -157 0
-132 -185 0
-153 -204 0
-161 -158 0
-19 -112 0
-190 -192 0
-73 -4 0
-1 -157 0
-5 -162 0
-45 -131 0
-212 -205 0
-116 -51 0
-96 -226 0
-217 -51 0
-18 -6 0
-168 -132 0
-183 -59 0
-12 -199 0
-29 -166 0
-8 -62 0
-168 -197 0
-56 -64 0
-17 -209 0
-187 -133 0
-25 -221 0
-176 -222 0
-185 -37 0
-148 -146 0
-15 -133 0
-215 -65 0
-52 -163 0
-209 -123 0
-71 -160 0
-26 -140 0
-29 -111 0
-57 -14 0
-11 -39 0
-139 -227 0
-213 -214 0
-214 -91 0
-50 -197 0
-196 -203 0
-96 -31 0
-141 -41 0
-109 -139 0
-91 -205 0
-5 -137 0
-44 -181 0
-184 -219 0
-146 -203 0
-104 -62 0
-203 -49 0
-105 -2 0
-226 -138 0
-16 -107 0
-228 -85 0
-147 -205 0
-172 -92 0
-145 -37 0
-74 -194 0
-166 -51 0
-229 -149 0
-181 -45 0
-118 -39 0
-87 -183 0
-24 -25 0
-230 -231 0
53 52 131 163 33 155 0
-141 -22 0
-231 -180 0
-106 -125 0
-136 -38 0
-63 -108 0
19 215 4 76 3 77 0
-192 -166 0
-72 -188 0
-128 -82 0
-115 -131 0
-72 -85 0
-100 -61 0
-40 -219 0
-211 -232 0
-172 -89 0
-212 -135 0
-26 -214 0
-169 -133 0
-46 -42 0
-203 -55 0
-130 -233 0
-145 -220 0
-164 -217 0
-13 -59 0
-218 -197 0
-151 -97 0
-234 -160 0
-88 -10 0
-145 -235 0
-34 -61 0
-202 -183 0
-146 -220 0
-141 -9 0
-33 -82 0
-23 -236 0
-235 -140 0
-237 -238 0
-21 -98 0
-76 -227 0
-17 -123 0
-143 -108 0
-75 -200 0
-228 -232 0
-206 -225 0
-114 -161 0
-215 -77 0
-170 -88 0
-68 -167 0
-238 -167 0
-202 -199 0
-182 -223 0
-20 -125 0
-119 -101 0
-200 -126 0
-184 -182 0
-170 -162 0
-239 -10 0
-156 -107 0
-87 -88 0
-239 -191 0
-224 -114 0
-113 -111 0
-5 -214 0
-213 -59 0
-134 -65 0
-215 -156 0
-118 -136 0
-75 -39 0
-13 -82 0
-154 -220 0
98 46 221 43 42 207 0
-52 -122 0
-15 -109 0
-7 -61 0
-121 -12 0
-172 -21 0
-230 -222 0
-37 -219 0
-162 -203 0
-211 -219 0
-121 -38 0
-224 -236 0
-114 -160 0
-109 -153 0
-194 -210 0
-169 -113 0
-42 -98 0
-235 -93 0
-234 -236 0
-48 -198 0
-54 -88 0
-188 -232 0
-14 -95 0
-192 -167 0
-184 -28 0
-109 -2 0
-78 -149 0
47 169 112 225 154 153 0
-16 -149 0
-172 -234 0
-48 -12 0
-170 -137 0
-59 -158 0
-157 -41 0
-82 -91 0
-141 -63 0
-30 -84 0
-120 -20 0
-148 -129 0
-227 -160 0
-18 -97 0
-224 -70 0
-100 -102 0
-114 -150 0
-15 -153 0
-120 -140 0
-86 -124 0
-170 -119 0
-104 -6 0
-137 -112 0
-13 -240 0
-189 -166 0
-213 -235 0
-2 -165 0
-50 -163 0
75 148 39 11 205 12 0
-82 -219 0
-119 -66 0
-127 -67 0
-85 -22 0
-90 -10 0
-208 -177 0
-8 -130 0
-214 -81 0
-209 -127 0
-237 -47 0
-29 -179 0
-184 -75 0
-172 -236 0
-196 -22 0
-54 -234 0
-99 -83 0
-195 -174 0
-207 -112 0
-208 -65 0
-109 -105 0
-235 -129 0
-136 -156 0
-210 -36 0
-213 -91 0
-135 -114 0
-33 -155 0
-88 -90 0
-192 -79 0
-239 -78 0
-134 -183 0
-82 -6 0
-33 -240 0
-183 -199 0
-44 -218 0
-62 -91 0
-35 -13 0
-147 -199 0
-156 -60 0
-121 -200 0
-213 -220 0
-106 -217 0
-5 -82 0
-222 -111 0
-37 -140 0
-134 -144 0
-198 -95 0
-130 -126 0
-239 -194 0
-159 -83 0
-190 -240 0
-63 -144 0
-237 -222 0
-239 -16 0
-168 -198 0
-148 -155 0
-170 -136 0
-240 -32 0
-179 -238 0
-163 -131 0
-63 -88 0
-151 -149 0
-99 -162 0
-119 -57 0
-213 -84 0
-135 -227 0
-72 -20 0
-15 -35 0
-217 -167 0
-27 -140 0
-88 -201 0
-24 -23 0
-148 -213 0
-14 -60 0
183 178 201 202 199 147 0
-8 -125 0
-162 -210 0
-237 -68 0
-73 -232 0
-7 -1 0
-104 -49 0
-108 -105 0
-211 -140 0
-193 -227 0
-44 -8 0
-195 -197 0
-75 -205 0
-42 -207 0
-30 -171 0
-154 -58 0
-198 -157 0
-152 -9 0
-24 -73 0
-6 -238 0
-69 -111 0
-122 -45 0
-209 -173 0
-206 -177 0
-106 -47 0
-142 -105 0
-47 -38 0
-146 -155 0
-234 -25 0
-120 -66 0
-164 -227 0
-14 -91 0
-99 -100 0
-138 -51 0
-4 -129 0
-34 -73 0
-168 -240 0
-230 -177 0
-178 -32 0
-11 -194 0
-183 -235 0
-17 -173 0
-110 -217 0
-78 -48 0
-152 -223 0
-178 -183 0
-85 -232 0
-118 -45 0
-21 -8 0
-136 -225 0
-94 -14 0
-183 -201 0
-202 -39 0
-209 -94 0
-87 -86 0
-120 -68 0
-136 -186 0
-195 -185 0
-228 -64 0
121 142 165 200 143 156 0
-115 -197 0
-139 -51 0
-162 -55 0
-16 -225 0
-190 -191 0
-53 -62 0
-34 -55 0
-115 -180 0
-143 -233 0
-216 -70 0
-175 -122 0
-212 -89 0
-141 -137 0
-178 -86 0
-110 -49 0
-87 -89 0
-218 -91 0
-9 -23 0
-119 -89 0
-220 -165 0
-11 -203 0
-222 -161 0
-216 -118 0
-208 -157 0
-200 -165 0
-184 -179 0
-106 -157 0
-186 -174 0
125 8 233 130 7 126 0
-30 -91 0
-181 -83 0
-46 -221 0
-63 -208 0
-23 -186 0
-36 -229 0
-68 -157 0
-69 -150 0
-58 -174 0
-44 -57 0
194 239 103 74 78 79 0
-213 -5 0
-212 -124 0
-191 -171 0
-82 -25 0
-169 -98 0
-14 -59 0
-35 -32 0
-40 -122 0
-72 -232 0
-80 -149 0
-213 -6 0
-214 -60 0
-176 -36 0
-194 -201 0
-101 -192 0
-37 -153 0
-104 -162 0
-9 -45 0
-44 -114 0
-26 -235 0
-189 -192 0
-154 -2 0
-237 -111 0
-76 -32 0
-182 -234 0
-33 -126 0
-75 -12 0
-175 -20 0
-169 -112 0
-231 -60 0
-38 -49 0
-189 -103 0
-133 -210 0
-110 -193 0
-119 -218 0
-50 -194 0
-181 -163 0
-168 -47 0
-5 -27 0
-88 -86 0
-25 -140 0
-111 -83 0
-133 -205 0
-46 -98 0
-128 -80 0
-17 -97 0
-63 -212 0
-145 -38 0
-78 -157 0
-143 -19 0
-21 -188 0
-208 -9 0
-72 -3 0
-215 -4 0
-143 -11 0
-120 -6 0
-44 -53 0
-187 -229 0
-239 -103 0
-212 -157 0
-101 -114 0
-40 -206 0
-67 -205 0
-121 -165 0
-18 -149 0
-55 -22 0
-13 -75 0
-187 -36 0
-99 -166 0
-34 -64 0
-196 -186 0
-147 -67 0
-133 -149 0
-116 -65 0
-19 -233 0
-211 -160 0
-74 -124 0
-130 -107 0
-191 -177 0
-26 -23 0
-124 -227 0
-98 -207 0
-117 -1 0
-122 -149 0
-108 -51 0
-138 -116 0
-126 -233 0
-183 -129 0
-21 -25 0
-34 -1 0
-218 -150 0
-206 -218 0
-216 -62 0
-56 -62 0
-76 -232 0
-90 -89 0
-14 -197 0
-188 -77 0
-136 -70 0
-146 -61 0
-119 -38 0
-29 -112 0
-230 -171 0
-235 -27 0
-90 -41 0
-48 -59 0
-170 -203 0
-239 -60 0
-220 -158 0
208 63 124 1 212 157 0
-87 -145 0
-61 -155 0
-141 -152 0
110 56 55 64 34 193 0
-29 -203 0
-228 -45 0
-102 -38 0
-175 -234 0
-11 -205 0
-68 -110 0
-218 -220 0
-168 -58 0
-26 -202 0
-90 -199 0
-188 -73 0
-118 -171 0
-44 -122 0
-210 -149 0
-228 -23 0
-163 -233 0
-44 -158 0
-189 -58 0
-56 -193 0
-116 -64 0
-113 -150 0
-47 -112 0
-190 -71 0
-117 -158 0
-231 -176 0
-52 -155 0
-20 -38 0
-19 -85 0
-63 -233 0
-127 -27 0
-34 -93 0
-137 -219 0
-73 -158 0
-128 -76 0
-184 -118 0
-45 -60 0
-164 -157 0
-76 -4 0
-148 -11 0
-31 -36 0
-142 -218 0
50 115 58 240 168 197 0
-90 -157 0
-240 -197 0
-94 -201 0
-57 -205 0
-99 -102 0
-202 -201 0
-224 -83 0
-141 -223 0
-125 -157 0
-231 -36 0
-200 -173 0
113 237 204 222 230 111 0
-28 -162 0
-48 -60 0
-134 -164 0
-138 -192 0
-30 -192 0
-42 -221 0
-143 -200 0
-176 -187 0
-230 -225 0
-15 -182 0
-101 -102 0
-3 -47 0
-128 -127 0
-120 -27 0
-90 -38 0
-172 -114 0
-40 -218 0
-135 -56 0
-216 -131 0
-132 -49 0
-185 -174 0
-176 -161 0
-146 -49 0
-64 -177 0
-190 -74 0
-220 -93 0
-191 -189 0
-209 -143 0
-118 -57 0
-40 -49 0
-17 -142 0
-226 -217 0
-145 -100 0
-183 -103 0
-218 -137 0
-26 -186 0
-226 -189 0
162 216 61 28 104 62 0
-30 -179 0
-35 -231 0
-138 -217 0
-79 -197 0
-198 -229 0
171 29 179 84 30 238 0
-163 -112 0
-66 -235 0
-69 -137 0
-142 -165 0
-182 -232 0
175 172 92 234 54 236 0
-196 -174 0
-44 -182 0
-13 -74 0
-104 -28 0
-23 -22 0
-31 -95 0
-225 -131 0
-120 -38 0
-80 -18 0
-170 -22 0
-116 -139 0
-193 -232 0
-175 -110 0
-228 -177 0
-33 -227 0
-56 -110 0
-146 -174 0
-130 -23 0
-84 -189 0
-215 -3 0
-28 -71 0
-115 -239 0
-168 -217 0
-34 -193 0
-115 -58 0
-82 -173 0
-188 -150 0
-220 -58 0
-32 -139 0
-142 -156 0
-53 -91 0
-213 -155 0
150 68 177 69 211 93 0
-196 -27 0
-115 -240 0
188 72 232 73 228 85 0
-128 -129 0
-48 -94 0
-192 -150 0
-16 -151 0
-6 -20 0
-35 -229 0
-13 -37 0
-230 -111 0
-30 -169 0
-146 -59 0
-226 -2 0
-76 -19 0
-114 -187 0
-87 -1 0
-119 -136 0
-58 -197 0
-178 -13 0
-225 -112 0
-25 -232 0
-237 -113 0
-142 -8 0
-106 -105 0
-226 -58 0
-159 -68 0
-33 -53 0
-142 -66 0
-154 -4 0
-24 -7 0
-46 -20 0
-177 -107 0
-19 -4 0
-202 -10 0
-206 -45 0
-194 -79 0
-161 -160 0
-214 -123 0
-191 -167 0
-106 -121 0
-46 -43 0
-178 -227 0
-139 -193 0
-69 -55 0
-148 -1 0
-26 -177 0
-234 -92 0
-5 -108 0
-96 -32 0
-82 -75 0
-239 -208 0
-12 -149 0
-96 -95 0
-24 -174 0
-72 -228 0
-94 -60 0
-240 -50 0
-214 -131 0
-34 -226 0
-169 -197 0
-226 -51 0
-96 -198 0
-80 -12 0
-121 -18 0
-182 -45 0
-116 -217 0
-190 -167 0
-235 -165 0
-143 -156 0
-57 -49 0
-40 -6 0
-25 -22 0
-63 -112 0
-222 -93 0
-63 -69 0
-159 -175 0
-18 -173 0
-7 -165 0
-163 -53 0
-238 -199 0
-213 -2 0
-15 -74 0
-76 -153 0
-190 -139 0
-80 -67 0
-212 -169 0
-65 -164 0
-170 -94 0
-44 -14 0
-23 -25 0
-135 -77 0
-141 -117 0
-151 -210 0
-184 -13 0
-1 -103 0
-173 -123 0
-216 -162 0
-224 -230 0
-222 -204 0
-7 -130 0
-211 -93 0
-239 -39 0
-24 -117 0
-180 -95 0
-7 -125 0
-154 -151 0
-28 -62 0
-132 -20 0
-202 -81 0
-24 -20 0
-184 -146 0
-86 -234 0
-109 -211 0
-240 -185 0
14 48 60 94 13 59 0
-133 -79 0
-56 -150 0
-214 -107 0
-212 -8 0
-182 -126 0
-36 -111 0
-210 -112 0
-142 -121 0
-19 -127 0
-215 -19 0
-195 -21 0
-47 -149 0
-96 -176 0
-194 -103 0
-134 -4 0
-184 -33 0
-208 -64 0
-86 -37 0
-208 -107 0
-184 -37 0
-225 -153 0
-195 -186 0
-54 -181 0
-223 -124 0
-226 -139 0
-33 -182 0
-191 -70 0
-151 -129 0
-132 -174 0
-169 -218 0
-31 -19 0
-172 -44 0
-70 -102 0
-181 -210 0
-96 -59 0
-21 -56 0
-212 -105 0
-224 -45 0
-141 -181 0
-122 -125 0
-125 -233 0
-207 -221 0
-26 -81 0
-17 -133 0
-179 -204 0
-171 -225 0
-190 -166 0
-29 -201 0
-29 -171 0
-163 -144 0
-110 -55 0
-118 -186 0
-47 -238 0
-57 -53 0
-6 -12 0
-216 -64 0
-179 -153 0
-172 -54 0
-146 -158 0
-224 -65 0
-212 -95 0
136 170 37 145 119 38 0
-239 -74 0
-170 -37 0
-86 -10 0
-7 -233 0
-43 -207 0
-185 -186 0
-154 -153 0
-52 -6 0
-230 -204 0
-84 -238 0
-171 -214 0
-12 -205 0
-116 -107 0
-148 -205 0
-108 -107 0
-154 -1 0
-64 -110 0
-215 -225 0
-211 -193 0
-231 -187 0
-212 -79 0
-134 -226 0
-211 -68 0
-57 -62 0
-17 -67 0
-170 -112 0
-176 -229 0
-181 -122 0
-134 -34 0
-195 -119 0
-196 -132 0
-240 -153 0
-143 -27 0
-134 -155 0
-104 -125 0
-237 -230 0
-136 -10 0
-159 -122 0
-236 -92 0
-156 -123 0
-136 -23 0
-98 -221 0
-63 -55 0
-42 -225 0
-184 -203 0
-50 -58 0
-48 -229 0
-181 -203 0
-99 -70 0
-124 -157 0
-170 -196 0
-206 -156 0
-206 -220 0
-58 -103 0
-119 -21 0
-63 -11 0
-86 -89 0
-239 -79 0
-198 -180 0
-40 -220 0
-33 -75 0
-40 -121 0
-83 -144 0
-39 -107 0
-65 -144 0
-84 -183 0
-24 -92 0
-82 -140 0
-195 -132 0
-208 -39 0
-188 -85 0
-78 -167 0
-206 -136 0
-124 -153 0
-104 -61 0
-3 -121 0
-12 -49 0
-194 -94 0
-34 -146 0
-178 -201 0
-96 -4 0
-209 -18 0
-184 -57 0
-1 -93 0
-64 -236 0
-216 -130 0
-181 -137 0
-135 -147 0
-195 -196 0
-228 -188 0
-189 -93 0
-4 -165 0
-37 -25 0
-173 -97 0
-175 -236 0
-143 -94 0
-206 -9 0
-178 -199 0
-19 -144 0
-54 -175 0
-216 -28 0
-230 -113 0
-154 -222 0
-133 -62 0
-132 -186 0
-35 -187 0
-40 -68 0
-23 -20 0
-8 -53 0
-24 -145 0
-234 -193 0
-163 -155 0
-224 -161 0
-66 -91 0
-78 -194 0
-10 -236 0
-6 -91 0
-151 -61 0
-52 -131 0
-28 -193 0
-14 -205 0
-82 -179 0
-64 -10 0
-113 -204 0
-202 -65 0
-103 -79 0
-50 -112 0
-48 -122 0
-13 -48 0
-12 -157 0
-33 -131 0
-154 -145 0
-1 -208 0
-20 -110 0
-213 -82 0
-211 -69 0
-119 -145 0
-147 -79 0
-120 -235 0
-233 -22 0
-87 -90 0
-202 -147 0
-51 -55 0
-202 -171 0
-45 -236 0
-118 -60 0
-53 -131 0
-133 -105 0
-69 -93 0
-34 -92 0
-165 -97 0
-227 -144 0
-159 -229 0
-208 -124 0
-148 -12 0
-117 -223 0
-194 -166 0
-31 -94 0
-238 -49 0
-200 -140 0
-109 -108 0
-178 -128 0
-69 -166 0
-119 -62 0
-39 -205 0
-213 -24 0
-67 -129 0
151 15 210 16 149 133 0
-15 -75 0
-126 -25 0
-206 -118 0
-52 -47 0
-224 -231 0
-104 -149 0
-162 -233 0
-74 -86 0
-207 -22 0
-159 -237 0
-202 -60 0
-119 -169 0
-109 -107 0
66 120 140 235 26 27 0
-117 -41 0
-212 -56 0
-108 -112 0
-16 -133 0
-209 -210 0
-175 -90 0
-123 -97 0
164 135 144 65 134 227 0
-31 -180 0
-152 -41 0
-67 -81 0
-42 -23 0
-78 -12 0
-72 -110 0
-78 -199 0
-152 -218 0
-208 -130 0
-21 -22 0
-135 -65 0
-114 -83 0
-100 -71 0
-118 -146 0
-27 -22 0
-7 -155 0
217 138 51 116 226 139 0
-106 -12 0
-32 -180 0
-161 -83 0
-54 -236 0
-85 -55 0
-65 -227 0
-228 -73 0
-135 -144 0
-110 -157 0
-7 -158 0
-8 -105 0
-220 -137 0
-225 -47 0
-100 -161 0
-109 -106 0
-106 -108 0
-201 -199 0
-164 -110 0
-78 -90 0
-104 -52 0
-3 -164 0
-115 -225 0
-75 -124 0
-48 -18 0
-86 -223 0
-80 -6 0
-53 -197 0
-226 -116 0
-2 -107 0
-240 -139 0
-213 -129 0
-215 -130 0
-56 -188 0
-34 -56 0
-28 -61 0
-150 -93 0
-128 -140 0
-106 -149 0
-218 -219 0
-50 -94 0
-130 -125 0
-8 -126 0
-240 -74 0
9 141 223 117 152 41 0
-164 -144 0
-213 -61 0
-108 -233 0
-117 -9 0
-239 -202 0
-187 -95 0
-223 -41 0
-106 -68 0
-135 -164 0
-120 -199 0
-8 -233 0
-48 -121 0
-161 -92 0
-159 -102 0
-143 -121 0
-237 -229 0
-13 -182 0
-189 -167 0
-169 -53 0
-128 -75 0
-151 -133 0
-33 -52 0
-231 -229 0
-122 -158 0
-169 -47 0
-128 -81 0
-74 -79 0
-11 -75 0
-159 -224 0
-8 -77 0
-216 -61 0
-94 -203 0
-225 -107 0
-216 -136 0
-80 -199 0
-169 -105 0
-223 -219 0
-67 -91 0
-96 -1 0
-118 -131 0
-129 -97 0
-172 -175 0
-30 -147 0
-224 -177 0
-26 -136 0
-127 -81 0
-181 -233 0
-94 -36 0
-142 -14 0
-146 -57 0
-130 -45 0
-29 -5 0
-169 -77 0
-15 -210 0
-31 -51 0
-182 -158 0
-215 -228 0
-105 -107 0
-206 -137 0
-235 -174 0
-56 -138 0
-50 -166 0
-19 -77 0
-240 -58 0
-108 -2 0
-90 -110 0
-215 -76 0
-9 -223 0
-5 -91 0
-52 -12 0
-216 -214 0
-55 -144 0
-193 -25 0
-185 -25 0
-105 -205 0
-74 -103 0
-211 -177 0
-113 -222 0
-187 -14 0
-105 -91 0
-118 -49 0
-134 -227 0
-102 -167 0
-218 -57 0
-37 -71 0
176 35 36 231 229 187 0
-16 -231 0
-152 -212 0
-200 -37 0
-32 -124 0
-212 -1 0
-215 -180 0
-39 -214 0
-23 -214 0
-69 -27 0
-1 -124 0
-153 -221 0
-201 -27 0
-164 -199 0
-14 -79 0
-132 -38 0
-217 -139 0
-240 -219 0
-34 -110 0
-201 -144 0
-181 -94 0
-86 -90 0
-56 -89 0
-65 -131 0
-53 -205 0
-73 -93 0
-29 -238 0
-93 -2 0
-54 -83 0
-171 -238 0
-142 -200 0
-129 -81 0
-237 -204 0
-127 -210 0
-211 -204 0
-197 -95 0
-72 -68 0
-93 -177 0
-158 -92 0
146 184 203 118 49 57 0
-48 -14 0
-135 -138 0
-178 -75 0
-209 -5 0
-162 -61 0
-182 -219 0
-78 -74 0
-153 -219 0
-6 -214 0
-118 -203 0
-39 -81 0
-154 -43 0
-94 -59 0
-191 -166 0
114 159 160 161 224 83 0
-168 -167 0
-109 -126 0
-66 -147 0
-120 -26 0
-101 -70 0
-154 -112 0
-26 -66 0
-123 -81 0
-69 -108 0
-170 -143 0
-11 -163 0
-122 -182 0
-212 -150 0
-30 -238 0
-76 -200 0
-220 -219 0
-64 -23 0
-57 -203 0
-136 -37 0
-40 -47 0
32 96 180 31 95 198 0
-24 -22 0
-108 -210 0
-148 -2 0
-86 -193 0
-28 -126 0
-99 -71 0
-176 -59 0
-117 -220 0
-13 -173 0
-11 -94 0
-33 -153 0
-48 -38 0
-3 -125 0
-109 -82 0
-24 -235 0
-211 -124 0
-170 -38 0
-67 -77 0
-11 -210 0
-154 -47 0
-79 -205 0
-216 -16 0
-148 -165 0
-52 -164 0
-138 -95 0
-213 -97 0
-109 -200 0
18 17 97 173 209 123 0
-7 -126 0
-168 -50 0
-148 -75 0
-185 -140 0
-56 -55 0
-87 -10 0
-24 -43 0
-13 -200 0
-36 -83 0
-68 -150 0
-200 -219 0
-31 -201 0
-59 -165 0
-178 -202 0
-151 -158 0
-31 -198 0
-154 -225 0
-24 -21 0
-5 -163 0
-35 -204 0
-206 -219 0
-178 -147 0
-83 -160 0
-40 -168 0
-64 -55 0
-40 -38 0
-182 -160 0
-87 -103 0
