c Graph coloring SAT 
p cnf 40 110
-1 -2 0
-3 -4 0
-5 -2 0
-6 -7 0
2 1 8 5 0
-9 -10 0
-11 -12 0
-6 -13 0
-14 -15 0
-16 -10 0
-15 -17 0
-15 -18 0
-19 -9 0
-20 -21 0
-22 -23 0
-18 -24 0
-14 -25 0
-26 -10 0
-25 -24 0
27 28 29 17 0
-29 -17 0
-19 -7 0
-14 -22 0
-30 -16 0
-19 -30 0
-31 -24 0
-29 -28 0
-18 -9 0
-32 -33 0
-15 -4 0
-13 -34 0
-20 -18 0
-14 -35 0
-13 -36 0
-4 -21 0
-31 -25 0
-26 -7 0
-6 -18 0
-33 -18 0
-11 -37 0
35 7 19 9 0
-14 -28 0
-7 -35 0
-38 -6 0
-39 -36 0
-33 -23 0
-8 -2 0
-29 -27 0
-15 -30 0
-18 -36 0
-6 -5 0
-26 -16 0
-14 -21 0
-6 -27 0
-36 -34 0
-39 -15 0
-1 -5 0
-14 -16 0
34 13 39 36 0
-6 -40 0
-20 -3 0
-15 -23 0
-14 -18 0
-14 -34 0
-37 -40 0
-14 -8 0
-3 -21 0
-15 -6 0
-11 -15 0
-39 -13 0
4 20 21 3 0
-32 -6 0
-12 -40 0
-26 -30 0
10 30 26 16 0
-12 -37 0
-7 -9 0
-18 -10 0
-28 -27 0
-19 -35 0
22 32 23 33 0
-1 -18 0
-29 -18 0
-32 -22 0
24 31 38 25 0
-16 -35 0
-15 -2 0
-32 -23 0
6 14 18 15 0
-14 -12 0
-17 -27 0
-26 -6 0
-28 -17 0
-20 -4 0
-8 -1 0
37 11 40 12 0
-8 -5 0
-39 -34 0
-33 -22 0
-38 -24 0
-9 -35 0
-19 -15 0
-11 -40 0
-30 -10 0
-38 -31 0
-14 -6 0
-3 -6 0
-15 -31 0
-37 -18 0
-38 -25 0
