c Graph coloring SAT 
p cnf 270 1848
-1 -2 0
-3 -4 0
-5 -6 0
-7 -8 0
-9 -10 0
-11 -12 0
-13 -14 0
-15 -16 0
-17 -18 0
-19 -20 0
-21 -22 0
-23 -24 0
25 26 27 28 29 30 0
-31 -32 0
-33 -34 0
-35 -36 0
-37 -7 0
-38 -39 0
-24 -14 0
-40 -41 0
-42 -4 0
-15 -43 0
-12 -44 0
-45 -46 0
-47 -48 0
-49 -50 0
-51 -52 0
-53 -54 0
-55 -56 0
-57 -58 0
-59 -60 0
-61 -62 0
-63 -60 0
-64 -65 0
-66 -67 0
-68 -62 0
-69 -70 0
-71 -72 0
-73 -74 0
-75 -76 0
-77 -78 0
-79 -80 0
-81 -61 0
-82 -83 0
-84 -85 0
-23 -36 0
-86 -87 0
-88 -89 0
-90 -91 0
-92 -93 0
-94 -95 0
-88 -53 0
-65 -96 0
-97 -98 0
-99 -100 0
-7 -101 0
-61 -102 0
-35 -68 0
-103 -104 0
-97 -105 0
-106 -76 0
-83 -107 0
-108 -85 0
-109 -7 0
11 110 111 112 113 40 0
-77 -17 0
-114 -115 0
-116 -117 0
-118 -18 0
-77 -91 0
-89 -50 0
-9 -65 0
-62 -119 0
-120 -121 0
-62 -91 0
-6 -86 0
79 122 80 123 124 125 0
-123 -126 0
-123 -79 0
-92 -90 0
-25 -30 0
-94 -125 0
-127 -31 0
-128 -8 0
106 129 130 97 131 132 0
-112 -133 0
-41 -8 0
-75 -34 0
-131 -134 0
-16 -135 0
-116 -136 0
-49 -137 0
-89 -138 0
-110 -139 0
-140 -60 0
-122 -78 0
-141 -142 0
-70 -31 0
-143 -41 0
-144 -60 0
-131 -145 0
-146 -147 0
-81 -78 0
-148 -12 0
-149 -150 0
-151 -152 0
-17 -153 0
-24 -154 0
-53 -155 0
-156 -157 0
-150 -47 0
-107 -101 0
-158 -96 0
76 159 160 161 162 163 0
-164 -126 0
-165 -166 0
-123 -91 0
-3 -89 0
-114 -128 0
-66 -167 0
-168 -169 0
-170 -171 0
-127 -99 0
-16 -105 0
-172 -173 0
-174 -175 0
-176 -151 0
-1 -175 0
-177 -178 0
-145 -179 0
-29 -163 0
-180 -112 0
-181 -182 0
-129 -130 0
-23 -183 0
-184 -136 0
-5 -138 0
-185 -186 0
-145 -47 0
-16 -11 0
-187 -188 0
-21 -189 0
-77 -151 0
-76 -113 0
-14 -190 0
-191 -151 0
-159 -161 0
-38 -173 0
-45 -192 0
-71 -193 0
-125 -44 0
-24 -152 0
-157 -113 0
-194 -66 0
-56 -195 0
-12 -48 0
-3 -88 0
-71 -18 0
-66 -63 0
-196 -89 0
-16 -179 0
-82 -54 0
-197 -48 0
-198 -153 0
-199 -171 0
-166 -52 0
-1 -200 0
-147 -201 0
-105 -95 0
-141 -202 0
-203 -204 0
-194 -50 0
-180 -101 0
-205 -59 0
-203 -206 0
-207 -147 0
-61 -119 0
-200 -208 0
-165 -209 0
-179 -12 0
-159 -163 0
-68 -210 0
-168 -31 0
-211 -134 0
-114 -107 0
-212 -83 0
-147 -213 0
-214 -117 0
-197 -85 0
-215 -216 0
-14 -150 0
-147 -104 0
-83 -85 0
-49 -156 0
-161 -163 0
-77 -217 0
-191 -218 0
-1 -219 0
-167 -67 0
-220 -121 0
-221 -135 0
-72 -204 0
-15 -222 0
-36 -61 0
-190 -154 0
-223 -55 0
-25 -27 0
-37 -97 0
-224 -56 0
-211 -225 0
-6 -226 0
-214 -95 0
-227 -96 0
-41 -228 0
-172 -229 0
-230 -231 0
-214 -40 0
-192 -139 0
-144 -7 0
-192 -137 0
-108 -232 0
-42 -83 0
-227 -201 0
-122 -124 0
-233 -184 0
17 45 204 55 223 46 0
-172 -125 0
-234 -74 0
-162 -135 0
231 16 105 99 95 156 0
-112 -60 0
-230 -235 0
-141 -236 0
-192 -113 0
-196 -156 0
-206 -232 0
-168 -69 0
-115 -107 0
-17 -41 0
-179 -237 0
-16 -231 0
-238 -178 0
-239 -133 0
-232 -50 0
-13 -140 0
-206 -183 0
-194 -20 0
-240 -241 0
-112 -184 0
242 243 213 225 37 100 0
-182 -201 0
-244 -74 0
-215 -22 0
-245 -46 0
-229 -8 0
-246 -227 0
-94 -40 0
-31 -220 0
-247 -74 0
-13 -107 0
-202 -149 0
-232 -7 0
-197 -137 0
-198 -49 0
-232 -89 0
-115 -54 0
-2 -48 0
-190 -171 0
-99 -248 0
-86 -241 0
-53 -169 0
-70 -28 0
-80 -125 0
-112 -113 0
-249 -39 0
-185 -98 0
-122 -180 0
-243 -166 0
-72 -213 0
-87 -163 0
-88 -224 0
-127 -217 0
-124 -157 0
-144 -109 0
-118 -156 0
-250 -251 0
-234 -153 0
-129 -132 0
-26 -25 0
-13 -97 0
-156 -50 0
-230 -108 0
-22 -252 0
-206 -56 0
-51 -151 0
-111 -113 0
-3 -54 0
-253 -102 0
-3 -233 0
-215 -86 0
-39 -229 0
-153 -125 0
-159 -160 0
-248 -130 0
-211 -228 0
-243 -58 0
-254 -163 0
-118 -26 0
-70 -178 0
-74 -60 0
-142 -227 0
-4 -117 0
-93 -113 0
-182 -142 0
-252 -63 0
-185 -189 0
-39 -50 0
-255 -134 0
-174 -232 0
-62 -199 0
-118 -245 0
-205 -2 0
249 120 121 140 256 143 0
-84 -66 0
-165 -241 0
-124 -80 0
-21 -164 0
-118 -221 0
-165 -203 0
-127 -94 0
-45 -212 0
-1 -257 0
-206 -93 0
-199 -117 0
-70 -220 0
-83 -86 0
221 172 135 87 177 173 0
-242 -95 0
-208 -2 0
-78 -217 0
-193 -239 0
-110 -146 0
-197 -17 0
-71 -205 0
-196 -5 0
-108 -188 0
-68 -219 0
-254 -108 0
-99 -154 0
-136 -171 0
-258 -157 0
-16 -131 0
-158 -141 0
-124 -123 0
-62 -64 0
-52 -199 0
-103 -48 0
-37 -225 0
-73 -239 0
-165 -9 0
-181 -148 0
-16 -240 0
-240 -259 0
-82 -17 0
-144 -157 0
-255 -136 0
-21 -237 0
-176 -159 0
-162 -76 0
-249 -121 0
-99 -156 0
-245 -247 0
-208 -48 0
-223 -204 0
-28 -160 0
-140 -78 0
-132 -213 0
-147 -231 0
-238 -111 0
-162 -30 0
-109 -218 0
-41 -18 0
-253 -249 0
-215 -238 0
-242 -225 0
-243 -232 0
-85 -204 0
-16 -156 0
-55 -193 0
-110 -203 0
-72 -18 0
-115 -233 0
-253 -224 0
-77 -40 0
-216 -260 0
-129 -159 0
-261 -239 0
-186 -260 0
-215 -32 0
145 262 190 13 183 14 0
-141 -263 0
-57 -73 0
-23 -250 0
-11 -264 0
-262 -209 0
-21 -226 0
-51 -136 0
-250 -154 0
-86 -132 0
-186 -8 0
-218 -157 0
-26 -76 0
-4 -90 0
-85 -258 0
-121 -256 0
-74 -100 0
-265 -263 0
-37 -266 0
-94 -151 0
-177 -215 0
-42 -117 0
-230 -38 0
-53 -138 0
-180 -153 0
-102 -217 0
-256 -183 0
-212 -256 0
-209 -266 0
-3 -92 0
-267 -63 0
-266 -228 0
-106 -132 0
-206 -247 0
-254 -174 0
-108 -258 0
-13 -59 0
-238 -107 0
-77 -102 0
-214 -54 0
-178 -190 0
-224 -184 0
-223 -46 0
-182 -265 0
-232 -157 0
-244 -190 0
-33 -73 0
-194 -137 0
-29 -30 0
-62 -251 0
-166 -20 0
52 51 171 136 255 199 0
-114 -233 0
-137 -232 0
-114 -241 0
-107 -59 0
-104 -44 0
-51 -199 0
233 168 4 88 3 89 0
-156 -105 0
-82 -212 0
-81 -136 0
-82 -107 0
-123 -258 0
-172 -135 0
-196 -113 0
-94 -8 0
-261 -119 0
-103 -31 0
-185 -215 0
-266 -133 0
-253 -257 0
-178 -59 0
-19 -65 0
-165 -213 0
-114 -240 0
-166 -10 0
-112 -111 0
-29 -241 0
-33 -46 0
-254 -85 0
-196 -106 0
-250 -105 0
-267 -59 0
-99 -220 0
-61 -263 0
-31 -108 0
-145 -155 0
-180 -234 0
-211 -179 0
-126 -237 0
-122 -173 0
-176 -236 0
-23 -154 0
-238 -155 0
-202 -150 0
-137 -85 0
-168 -89 0
-207 -112 0
53 42 169 115 138 54 0
-31 -8 0
-173 -59 0
-55 -208 0
-175 -135 0
-114 -60 0
-178 -74 0
-49 -93 0
-136 -60 0
-168 -32 0
-69 -111 0
-55 -30 0
-224 -2 0
-88 -134 0
-173 -260 0
-212 -183 0
-110 -112 0
-210 -170 0
-3 -125 0
-240 -155 0
-103 -137 0
-49 -205 0
-140 -121 0
-155 -48 0
-255 -67 0
-255 -145 0
-165 -74 0
-240 -30 0
-253 -119 0
-221 -156 0
-145 -190 0
-230 -4 0
6 185 259 86 215 98 0
-255 -224 0
-198 -92 0
-115 -53 0
-241 -117 0
-115 -63 0
-198 -25 0
-161 -63 0
-70 -235 0
-253 -135 0
-127 -103 0
-137 -48 0
-202 -167 0
-180 -205 0
-225 -219 0
-191 -109 0
-248 -117 0
-215 -6 0
-66 -220 0
-134 -248 0
-11 -48 0
-67 -239 0
-116 -112 0
-212 -155 0
-156 -95 0
-180 -109 0
-131 -132 0
-231 -117 0
41 206 195 247 203 56 0
-131 -259 0
-22 -189 0
-262 -9 0
-196 -134 0
-216 -160 0
-13 -101 0
-110 -91 0
-16 -225 0
-165 -201 0
-192 -166 0
-141 -151 0
-249 -256 0
-45 -102 0
-72 -235 0
-36 -68 0
-268 -99 0
-129 -40 0
-168 -248 0
-24 -251 0
-81 -109 0
-123 -125 0
-184 -205 0
-5 -232 0
-176 -237 0
-207 -148 0
-103 -111 0
-19 -261 0
-231 -105 0
-10 -138 0
-187 -234 0
-17 -55 0
-99 -32 0
-72 -87 0
-257 -200 0
-40 -111 0
-128 -241 0
-193 -135 0
-51 -214 0
-137 -157 0
-262 -68 0
-10 -178 0
-262 -251 0
-127 -111 0
-94 -157 0
-82 -14 0
-35 -219 0
-211 -145 0
-196 -248 0
-37 -27 0
-24 -95 0
-116 -134 0
-243 -213 0
-244 -73 0
-165 -84 0
-131 -106 0
-126 -163 0
-98 -260 0
-79 -217 0
-31 -216 0
-103 -190 0
-16 -257 0
-104 -227 0
-94 -149 0
-24 -44 0
-120 -83 0
-122 -79 0
-120 -256 0
109 187 188 200 191 218 0
-255 -199 0
-112 -40 0
-231 -87 0
-69 -92 0
-158 -170 0
-22 -210 0
-11 -155 0
-156 -269 0
-249 -143 0
-99 -245 0
-108 -8 0
-148 -137 0
-232 -8 0
-4 -89 0
-15 -211 0
-11 -134 0
-211 -53 0
-140 -249 0
-235 -205 0
-99 -111 0
-165 -60 0
-54 -150 0
-23 -75 0
-149 -264 0
-178 -47 0
-69 -184 0
-197 -101 0
-35 -13 0
-108 -213 0
-103 -238 0
-209 -251 0
-41 -56 0
-112 -107 0
-5 -212 0
-129 -214 0
-198 -235 0
-262 -199 0
-236 -167 0
-203 -90 0
-207 -104 0
-219 -152 0
-71 -223 0
-86 -259 0
-225 -67 0
-164 -189 0
-122 -144 0
-166 -264 0
-172 -186 0
-34 -237 0
-68 -85 0
-29 -28 0
-262 -120 0
-29 -251 0
-20 -96 0
108 1 7 31 8 232 0
-10 -150 0
-211 -39 0
-83 -155 0
-240 -134 0
-97 -106 0
-187 -31 0
-239 -264 0
-116 -233 0
-238 -190 0
-42 -241 0
-145 -183 0
-215 -98 0
-231 -258 0
-177 -79 0
-236 -44 0
-33 -237 0
-36 -210 0
-203 -64 0
-192 -234 0
-143 -149 0
-161 -27 0
-57 -75 0
-219 -119 0
-17 -46 0
-250 -179 0
-7 -205 0
-91 -204 0
-177 -217 0
-129 -41 0
-41 -44 0
-19 -96 0
-176 -75 0
-108 -235 0
-122 -123 0
-174 -260 0
-197 -40 0
-176 -24 0
-141 -261 0
-1 -39 0
-13 -190 0
-169 -32 0
-35 -37 0
-211 -56 0
-268 -244 0
-179 -219 0
-62 -258 0
-174 -186 0
-23 -179 0
-192 -208 0
-81 -170 0
-107 -155 0
-39 -11 0
-239 -237 0
-142 -149 0
-166 -113 0
-129 -125 0
-104 -247 0
-108 -241 0
-267 -20 0
-19 -67 0
-6 -221 0
-170 -217 0
-146 -126 0
-108 -7 0
-147 -12 0
-139 -188 0
-110 -11 0
-66 -73 0
-104 -100 0
-5 -240 0
-197 -152 0
-82 -143 0
-225 -12 0
-16 -134 0
-84 -163 0
-158 -263 0
-174 -221 0
-256 -50 0
-16 -99 0
-57 -263 0
-17 -25 0
-146 -133 0
-248 -171 0
-56 -264 0
-187 -218 0
-168 -79 0
-236 -228 0
-110 -113 0
-84 -167 0
-148 -113 0
-38 -105 0
-1 -108 0
-75 -50 0
-47 -135 0
-12 -80 0
-127 -170 0
-159 -40 0
-100 -130 0
-61 -218 0
-235 -85 0
-245 -18 0
-244 -248 0
-246 -201 0
-196 -138 0
-1 -7 0
-116 -115 0
-194 -226 0
-100 -213 0
150 10 59 178 9 47 0
-211 -155 0
-250 -34 0
-185 -259 0
-71 -245 0
-28 -100 0
-169 -138 0
-55 -155 0
-78 -102 0
-122 -97 0
-172 -150 0
184 69 90 224 92 93 0
-160 -130 0
-120 -140 0
-118 -193 0
-94 -191 0
-20 -65 0
-82 -155 0
-114 -27 0
-120 -143 0
-99 -104 0
-68 -213 0
-222 -43 0
-23 -58 0
-12 -56 0
-94 -144 0
-234 -46 0
-45 -137 0
-33 -126 0
-231 -156 0
-203 -132 0
-198 -205 0
-30 -2 0
-165 -199 0
-26 -49 0
-28 -32 0
-206 -195 0
-196 -117 0
-226 -252 0
-236 -239 0
-103 -210 0
-101 -59 0
-141 -41 0
-112 -11 0
-205 -101 0
-185 -6 0
-162 -159 0
-215 -130 0
-124 -75 0
-110 -231 0
-23 -251 0
-71 -118 0
-147 -44 0
-254 -86 0
-170 -119 0
-197 -44 0
-197 -82 0
-194 -138 0
-168 -4 0
-24 -151 0
-207 -133 0
-54 -138 0
-262 -190 0
-61 -151 0
-129 -242 0
-194 -63 0
-172 -177 0
-142 -201 0
-35 -252 0
-223 -34 0
-54 -169 0
-145 -48 0
-146 -73 0
-242 -149 0
-230 -84 0
-37 -100 0
-106 -113 0
-115 -59 0
-137 -113 0
-226 -189 0
-80 -135 0
-243 -106 0
-197 -153 0
-161 -173 0
-5 -89 0
-24 -228 0
-257 -11 0
-122 -233 0
-124 -106 0
-188 -218 0
-229 -167 0
-51 -167 0
-127 -187 0
-243 -225 0
-6 -98 0
-66 -160 0
-123 -87 0
-81 -62 0
-174 -216 0
-47 -59 0
-77 -125 0
142 181 201 246 182 227 0
-42 -54 0
-146 -72 0
-247 -46 0
-19 -47 0
-177 -221 0
-32 -241 0
-127 -157 0
-175 -260 0
-203 -41 0
-40 -113 0
-20 -263 0
-104 -79 0
-29 -72 0
-114 -105 0
-148 -44 0
-3 -8 0
-42 -209 0
-63 -133 0
-152 -189 0
-126 -34 0
-40 -153 0
-38 -63 0
-202 -65 0
-128 -54 0
-177 -220 0
-119 -151 0
167 194 63 66 84 67 0
-110 -147 0
-33 -154 0
-247 -111 0
-180 -192 0
236 57 133 73 146 239 0
-172 -185 0
-14 -152 0
-230 -209 0
-167 -189 0
-238 -46 0
-50 -113 0
-214 -134 0
-13 -183 0
-88 -80 0
-177 -99 0
-77 -236 0
-221 -87 0
-141 -64 0
-16 -12 0
-145 -219 0
-209 -213 0
-112 -38 0
-261 -179 0
-110 -163 0
-45 -17 0
-252 -189 0
-245 -28 0
-170 -151 0
-172 -95 0
-112 -195 0
-45 -204 0
-57 -239 0
-222 -209 0
-41 -195 0
-139 -204 0
-268 -222 0
-102 -157 0
-161 -34 0
-146 -91 0
-173 -135 0
-166 -206 0
-83 -204 0
-36 -226 0
-163 -132 0
-257 -264 0
-172 -77 0
-14 -228 0
-148 -57 0
-42 -9 0
-88 -4 0
-262 -13 0
-223 -107 0
-146 -64 0
265 158 64 261 141 263 0
-179 -119 0
-261 -263 0
128 5 241 240 114 32 0
-259 -135 0
-122 -125 0
-28 -154 0
-31 -7 0
-103 -101 0
-180 -208 0
-99 -130 0
-268 -43 0
-21 -67 0
49 198 2 235 70 205 0
-257 -144 0
-202 -96 0
-165 -149 0
-215 -259 0
-182 -246 0
-93 -89 0
-222 -269 0
-257 -48 0
-80 -208 0
-43 -105 0
-124 -125 0
-162 -161 0
-1 -48 0
-23 -156 0
-126 -204 0
-131 -225 0
-164 -86 0
-176 -34 0
-82 -228 0
-40 -44 0
-58 -269 0
-182 -60 0
-29 -235 0
-172 -221 0
-166 -57 0
-242 -228 0
-225 -213 0
-206 -113 0
-209 -228 0
-229 -220 0
-87 -91 0
-139 -85 0
-191 -8 0
-119 -237 0
-99 -231 0
-244 -58 0
-13 -266 0
-254 -186 0
-147 -123 0
-221 -173 0
-58 -50 0
-84 -67 0
-197 -94 0
-140 -195 0
-102 -256 0
144 127 258 257 94 157 0
-137 -212 0
-175 -48 0
-36 -219 0
-15 -268 0
-181 -263 0
-61 -157 0
-223 -27 0
-101 -260 0
-194 -52 0
-162 -11 0
210 35 219 68 36 152 0
-39 -237 0
-127 -79 0
-144 -78 0
-74 -227 0
-143 -229 0
-75 -126 0
-78 -173 0
-64 -201 0
-67 -63 0
-181 -201 0
-122 -34 0
214 196 117 134 116 248 0
-37 -213 0
-45 -55 0
-176 -17 0
-155 -259 0
-145 -14 0
-250 -27 0
-5 -32 0
-101 -63 0
-123 -139 0
-28 -27 0
-232 -218 0
-38 -50 0
-158 -73 0
-211 -264 0
-72 -231 0
-94 -257 0
-255 -119 0
-181 -246 0
-216 -175 0
-53 -134 0
-221 -102 0
-25 -18 0
-212 -113 0
-229 -95 0
-112 -97 0
-54 -228 0
-222 -231 0
-255 -264 0
-57 -236 0
-124 -102 0
-1 -240 0
-206 -58 0
-168 -3 0
-257 -80 0
-245 -100 0
-146 -239 0
-158 -64 0
-35 -101 0
-53 -240 0
-68 -251 0
-181 -227 0
-73 -217 0
102 77 217 78 253 91 0
-74 -32 0
-103 -216 0
-42 -138 0
-158 -261 0
212 82 155 83 238 107 0
-92 -41 0
-162 -163 0
-202 -267 0
-22 -164 0
-15 -270 0
-23 -61 0
-70 -205 0
-200 -109 0
-198 -150 0
-147 -85 0
-88 -233 0
-193 -30 0
-148 -104 0
-223 -101 0
-64 -263 0
-247 -195 0
-209 -117 0
-5 -128 0
-10 -49 0
-225 -264 0
-129 -106 0
-269 -43 0
-255 -52 0
-207 -101 0
-40 -95 0
-110 -83 0
-116 -114 0
-128 -95 0
-233 -4 0
-45 -206 0
-184 -93 0
-85 -48 0
-200 -218 0
-99 -95 0
-185 -86 0
-33 -22 0
-78 -133 0
-134 -117 0
-230 -39 0
-72 -245 0
-10 -137 0
-35 -81 0
-43 -270 0
-258 -188 0
-69 -90 0
-182 -267 0
-230 -50 0
-29 -213 0
-82 -238 0
-267 -96 0
-100 -96 0
-261 -265 0
-131 -162 0
-206 -263 0
-9 -85 0
-254 -260 0
-230 -229 0
-55 -46 0
-216 -186 0
-16 -95 0
-174 -76 0
-182 -227 0
-202 -242 0
-206 -256 0
-1 -88 0
-58 -228 0
-243 -118 0
-30 -27 0
-71 -195 0
-221 -76 0
-38 -266 0
-24 -179 0
-136 -52 0
-152 -8 0
-28 -46 0
-158 -154 0
-46 -217 0
-159 -76 0
-43 -266 0
-118 -206 0
-74 -149 0
-187 -109 0
-28 -30 0
-180 -139 0
-203 -108 0
-164 -252 0
-212 -58 0
-179 -154 0
-242 -152 0
-127 -144 0
-103 -70 0
-235 -2 0
-9 -178 0
-10 -183 0
-253 -91 0
-81 -151 0
-61 -75 0
-84 -199 0
-220 -50 0
-196 -58 0
-9 -150 0
-257 -157 0
-242 -25 0
-191 -153 0
-54 -167 0
-29 -25 0
-211 -209 0
-229 -40 0
-145 -56 0
-167 -63 0
-22 -66 0
20 202 96 267 19 65 0
-230 -220 0
-149 -228 0
-57 -102 0
-66 -74 0
-267 -65 0
-266 -107 0
-165 -258 0
-176 -229 0
-253 -11 0
-23 -148 0
-181 -142 0
-168 -233 0
-210 -190 0
-82 -40 0
170 81 119 62 61 151 0
-166 -194 0
-243 -26 0
-243 -36 0
-58 -183 0
-104 -73 0
-184 -90 0
-10 -212 0
-245 -73 0
-234 -111 0
-131 -11 0
-69 -247 0
-247 -56 0
-243 -100 0
-103 -178 0
-174 -6 0
-230 -87 0
-254 -175 0
-242 -213 0
-83 -241 0
-156 -113 0
-38 -233 0
-148 -124 0
-79 -125 0
-230 -120 0
-85 -163 0
-88 -240 0
-137 -183 0
-103 -46 0
-180 -223 0
-150 -59 0
-98 -259 0
-33 -160 0
-35 -7 0
-242 -167 0
-250 -265 0
-35 -210 0
-142 -246 0
-46 -204 0
-47 -264 0
-236 -133 0
-169 -248 0
-24 -25 0
-244 -100 0
-143 -14 0
-262 -83 0
-184 -78 0
-196 -116 0
-246 -264 0
104 207 12 147 148 44 0
-176 -189 0
-13 -195 0
-69 -224 0
-192 -49 0
-207 -12 0
-11 -111 0
-149 -153 0
-19 -267 0
-1 -225 0
-9 -59 0
-4 -241 0
-86 -98 0
-225 -100 0
-203 -56 0
-70 -2 0
-68 -152 0
-92 -77 0
-112 -101 0
-103 -234 0
-262 -183 0
-97 -130 0
-203 -72 0
-73 -236 0
-253 -239 0
-268 -269 0
-193 -2 0
-253 -77 0
-88 -39 0
-84 -63 0
-207 -195 0
-222 -270 0
-223 -17 0
-165 -146 0
-243 -148 0
-238 -121 0
-37 -242 0
-57 -194 0
-128 -149 0
-261 -56 0
-10 -20 0
-6 -106 0
-247 -190 0
-245 -193 0
-198 -70 0
-267 -60 0
-71 -105 0
-104 -111 0
-45 -75 0
-156 -106 0
-205 -27 0
-162 -48 0
-253 -80 0
-33 -79 0
-178 -169 0
-6 -259 0
-166 -58 0
-71 -133 0
-141 -24 0
-185 -82 0
-123 -4 0
-80 -237 0
-211 -266 0
-265 -64 0
-120 -165 0
-38 -205 0
-42 -53 0
-193 -18 0
-262 -203 0
-207 -37 0
-177 -87 0
-238 -244 0
-11 -113 0
-69 -93 0
-179 -30 0
-58 -266 0
-172 -87 0
-139 -235 0
-33 -220 0
-62 -126 0
149 166 60 74 165 264 0
-146 -84 0
-190 -130 0
-14 -183 0
-71 -37 0
-81 -34 0
-68 -108 0
-243 -242 0
-212 -107 0
-233 -7 0
-37 -105 0
-118 -49 0
-193 -56 0
-94 -258 0
-103 -160 0
-33 -170 0
-208 -264 0
-146 -209 0
-81 -119 0
-161 -260 0
-250 -24 0
-131 -80 0
-211 -58 0
-84 -194 0
-262 -85 0
-235 -90 0
-114 -7 0
-176 -125 0
-243 -37 0
-238 -212 0
-179 -251 0
-116 -97 0
-177 -160 0
-137 -76 0
-214 -248 0
-200 -188 0
-47 -2 0
245 71 193 72 118 18 0
-104 -154 0
-231 -241 0
-94 -77 0
-192 -218 0
-1 -8 0
-98 -173 0
-159 -25 0
-191 -200 0
-127 -257 0
-210 -100 0
-115 -266 0
-70 -49 0
-44 -95 0
-242 -100 0
-15 -269 0
-211 -244 0
-28 -25 0
-181 -166 0
-81 -250 0
-47 -155 0
-74 -111 0
-129 -95 0
-211 -239 0
-250 -13 0
-136 -199 0
-203 -209 0
-147 -251 0
-103 -85 0
-92 -184 0
-66 -169 0
-234 -79 0
-111 -248 0
-143 -256 0
-51 -171 0
-185 -129 0
-73 -111 0
-49 -2 0
-90 -93 0
-265 -195 0
-19 -202 0
-9 -235 0
-255 -171 0
-203 -147 0
-62 -170 0
-249 -145 0
-120 -249 0
-253 -78 0
-148 -147 0
-5 -26 0
-102 -93 0
-176 -126 0
-9 -87 0
-61 -170 0
-5 -114 0
-110 -40 0
-191 -188 0
-31 -232 0
-31 -210 0
-209 -83 0
-242 -18 0
-162 -175 0
-111 -220 0
-242 -8 0
-198 -18 0
-66 -100 0
-52 -171 0
-9 -83 0
-78 -91 0
-142 -44 0
-159 -167 0
-264 -60 0
-198 -95 0
-45 -26 0
-262 -14 0
-139 -208 0
-110 -132 0
-131 -97 0
-197 -167 0
-247 -121 0
-103 -66 0
-126 -251 0
-190 -183 0
-131 -56 0
-240 -32 0
-53 -47 0
-166 -157 0
-76 -163 0
-166 -256 0
164 21 252 22 189 226 0
-102 -113 0
-132 -117 0
-1 -56 0
-249 -56 0
-243 -194 0
-187 -191 0
-224 -11 0
-162 -67 0
-197 -198 0
-249 -155 0
-269 -270 0
-148 -206 0
-131 -130 0
75 176 237 126 33 34 0
-139 -153 0
-121 -217 0
-118 -57 0
-124 -89 0
-97 -195 0
-70 -245 0
-123 -132 0
-22 -226 0
-116 -266 0
-112 -78 0
-154 -251 0
-45 -118 0
-38 -220 0
-192 -153 0
-76 -160 0
-144 -105 0
-69 -171 0
-40 -149 0
-58 -138 0
-244 -247 0
-116 -105 0
-16 -193 0
-26 -27 0
-166 -74 0
-112 -144 0
-95 -270 0
-137 -101 0
-123 -80 0
-244 -209 0
-149 -167 0
-29 -204 0
-36 -183 0
-178 -96 0
186 174 260 216 254 175 0
-3 -229 0
-230 -126 0
-39 -220 0
-197 -159 0
-243 -156 0
-159 -186 0
-85 -101 0
-116 -248 0
-128 -25 0
-180 -60 0
-74 -264 0
-124 -192 0
-238 -83 0
-252 -34 0
-166 -60 0
-66 -96 0
-236 -18 0
-70 -99 0
-87 -173 0
-247 -41 0
-19 -264 0
-131 -129 0
-71 -173 0
-207 -122 0
-185 -128 0
-129 -14 0
-149 -236 0
-69 -217 0
-79 -130 0
-92 -40 0
-21 -219 0
-61 -52 0
-128 -240 0
-158 -247 0
-3 -128 0
-238 -32 0
-11 -208 0
-198 -229 0
-254 -216 0
-132 -130 0
-74 -96 0
-265 -133 0
-74 -121 0
-23 -263 0
-75 -237 0
-75 -226 0
-146 -57 0
-197 -14 0
-197 -186 0
-68 -164 0
-102 -91 0
-162 -237 0
-67 -264 0
-110 -85 0
-265 -267 0
-178 -150 0
-10 -47 0
-107 -98 0
234 180 208 139 192 153 0
-149 -60 0
-139 -234 0
-208 -153 0
-51 -149 0
-5 -166 0
-166 -149 0
-10 -59 0
-202 -142 0
-243 -20 0
-127 -74 0
-34 -133 0
-258 -91 0
-42 -115 0
-111 -217 0
-37 -63 0
-110 -117 0
-66 -171 0
-231 -95 0
-158 -265 0
-92 -51 0
-16 -39 0
-84 -164 0
-197 -150 0
-255 -51 0
-268 -270 0
-17 -204 0
-187 -170 0
-206 -41 0
-162 -160 0
-224 -93 0
-13 -145 0
-52 -93 0
-210 -219 0
-197 -103 0
-6 -212 0
-127 -258 0
-120 -203 0
-247 -130 0
-212 -138 0
-206 -106 0
-26 -28 0
24 23 251 179 250 154 0
-200 -119 0
-196 -214 0
-36 -232 0
-32 -248 0
-70 -234 0
-161 -160 0
-16 -2 0
-181 -20 0
-209 -58 0
-225 -193 0
-84 -65 0
-129 -97 0
-21 -252 0
-55 -204 0
-161 -76 0
-106 -130 0
-177 -173 0
-194 -76 0
-112 -161 0
-233 -89 0
-261 -64 0
-97 -132 0
-40 -236 0
-229 -228 0
-168 -88 0
-266 -195 0
-234 -208 0
-140 -256 0
-36 -137 0
-51 -14 0
-161 -101 0
-133 -60 0
-19 -225 0
-172 -18 0
-111 -160 0
-225 -30 0
-31 -100 0
-106 -183 0
-253 -217 0
-49 -235 0
-244 -228 0
-140 -107 0
-165 -264 0
-266 -60 0
-23 -26 0
-184 -195 0
-38 -34 0
-195 -60 0
-240 -264 0
222 15 43 268 270 269 0
-229 -50 0
-114 -98 0
-84 -213 0
-246 -12 0
-18 -95 0
-118 -72 0
-170 -154 0
-168 -220 0
-190 -121 0
-72 -193 0
-7 -260 0
-174 -137 0
-55 -237 0
-109 -188 0
-242 -44 0
-186 -175 0
-82 -128 0
-219 -48 0
-146 -236 0
-62 -188 0
-65 -213 0
-11 -40 0
-37 -60 0
-244 -169 0
-35 -250 0
-38 -140 0
-57 -113 0
-42 -169 0
-74 -171 0
-52 -183 0
-77 -143 0
-115 -138 0
-35 -152 0
-110 -230 0
-177 -216 0
-210 -152 0
-198 -8 0
-223 -195 0
-194 -67 0
-31 -247 0
-163 -160 0
-198 -2 0
-45 -223 0
-5 -156 0
-244 -220 0
-62 -151 0
-136 -63 0
-71 -27 0
-91 -217 0
209 211 266 244 228 58 0
-238 -169 0
-202 -20 0
-108 -4 0
-144 -258 0
-114 -32 0
-10 -221 0
-92 -224 0
-116 -214 0
-115 -169 0
-143 -121 0
-244 -266 0
-37 -267 0
-99 -105 0
137 197 48 85 103 101 0
-112 -105 0
-176 -33 0
-231 -251 0
-3 -214 0
-228 -270 0
-124 -79 0
-105 -205 0
-203 -195 0
-210 -154 0
-33 -75 0
-149 -41 0
-158 -227 0
-207 -182 0
-39 -2 0
-13 -136 0
-36 -152 0
-87 -135 0
-207 -250 0
-104 -12 0
39 230 220 38 50 229 0
-26 -30 0
-29 -27 0
-110 -165 0
-196 -52 0
-39 -135 0
-262 -132 0
-11 -239 0
-231 -235 0
-122 -80 0
-140 -143 0
-14 -41 0
-257 -119 0
-82 -150 0
-128 -32 0
-124 -221 0
-111 -130 0
-254 -87 0
-165 -139 0
-223 -78 0
-214 -228 0
-67 -48 0
-252 -98 0
-21 -259 0
-42 -84 0
-207 -44 0
-148 -156 0
-90 -199 0
-253 -55 0
-39 -67 0
-221 -50 0
-244 -154 0
-197 -8 0
-187 -200 0
-261 -246 0
-257 -258 0
-164 -226 0
-249 -264 0
-9 -47 0
-141 -265 0
-81 -265 0
-172 -159 0
-53 -67 0
-81 -144 0
-250 -266 0
-262 -145 0
-175 -259 0
-161 -97 0
-11 -56 0
-224 -90 0
-105 -173 0
-57 -133 0
-231 -213 0
-110 -111 0
-194 -167 0
-19 -246 0
-49 -232 0
-12 -239 0
-231 -132 0
-38 -7 0
-65 -201 0
-1 -31 0
-38 -229 0
-120 -91 0
-203 -247 0
-29 -26 0
-177 -135 0
-1 -232 0
-110 -258 0
-101 -48 0
-5 -241 0
-7 -195 0
-73 -133 0
-64 -251 0
-128 -214 0
-165 -65 0
-177 -245 0
-207 -105 0
-144 -101 0
-55 -48 0
-110 -90 0
