c Graph coloring SAT 
p cnf 40 110
-1 -2 0
-3 -4 0
-5 -6 0
-7 -2 0
-8 -9 0
2 1 10 7 0
-11 -12 0
-13 -14 0
-15 -16 0
-17 -12 0
-16 -18 0
-19 -17 0
-20 -11 0
-20 -6 0
-21 -22 0
-23 -24 0
-4 -24 0
-4 -25 0
-26 -12 0
-19 -27 0
28 29 30 25 0
-30 -25 0
-22 -31 0
-20 -9 0
-4 -17 0
-20 -4 0
-3 -27 0
-30 -29 0
-18 -11 0
-32 -33 0
-34 -35 0
-26 -34 0
-15 -31 0
-34 -36 0
-6 -22 0
-5 -9 0
-3 -19 0
-26 -9 0
-8 -18 0
-32 -26 0
-13 -37 0
31 9 20 11 0
-9 -31 0
-36 -12 0
-38 -36 0
-33 -24 0
-10 -2 0
-30 -28 0
-16 -4 0
-1 -12 0
-26 -17 0
-36 -35 0
-4 -2 0
-14 -17 0
-26 -28 0
-1 -7 0
-15 -17 0
35 34 38 36 0
-26 -39 0
-21 -5 0
-15 -18 0
-37 -39 0
-5 -22 0
-16 -8 0
-38 -4 0
-23 -17 0
-38 -34 0
6 21 22 5 0
-17 -35 0
-29 -17 0
-14 -39 0
-26 -4 0
-21 -11 0
-10 -17 0
12 4 26 17 0
-14 -37 0
-9 -11 0
-18 -12 0
-29 -28 0
-20 -31 0
23 32 24 33 0
-32 -23 0
27 3 40 19 0
-17 -31 0
-32 -24 0
8 15 18 16 0
-13 -4 0
-30 -12 0
-26 -7 0
-27 -12 0
-25 -28 0
-26 -8 0
-29 -25 0
-21 -6 0
-10 -1 0
37 13 39 14 0
-10 -7 0
-38 -35 0
-33 -23 0
-40 -27 0
-11 -31 0
-20 -16 0
-37 -12 0
-26 -40 0
-13 -39 0
-4 -12 0
-40 -3 0
-15 -8 0
-33 -12 0
-40 -19 0
