c  This is the sudoku1.txt read from and written back to Dimacs format. 
p cnf 64 389
-1 -2 0
-3 -4 0
-5 -2 0
-6 -7 0
-8 -9 0
-10 -11 0
-12 -13 0
-14 -15 0
-16 -17 0
-18 -19 0
-13 -20 0
-21 -22 0
17 23 24 13 0
-9 -25 0
-21 -25 0
-26 -2 0
-27 -28 0
-11 -29 0
-30 -31 0
32 14 11 27 0
-10 -33 0
-34 -20 0
-35 -36 0
-37 -20 0
38 39 8 40 0
-41 -42 0
-27 -43 0
-44 -45 0
-11 -32 0
12 33 19 22 0
-20 -25 0
-33 -22 0
-21 -46 0
-42 -45 0
-14 -25 0
47 16 35 17 0
-17 -48 0
-35 -21 0
5 30 31 49 0
-1 -50 0
17 48 22 51 0
-31 -5 0
-41 -46 0
47 3 52 29 0
-11 -14 0
47 3 53 4 0
-7 -4 0
-3 -29 0
-16 -35 0
54 20 25 37 0
-12 -19 0
-32 -14 0
-10 -37 0
-18 -29 0
-55 -56 0
-5 -50 0
-32 -15 0
-34 -57 0
-16 -28 0
-9 -58 0
-23 -46 0
-54 -46 0
-20 -4 0
-31 -25 0
-44 -1 0
-16 -47 0
-16 -43 0
-24 -2 0
45 59 42 49 0
-10 -57 0
-6 -45 0
-38 -28 0
-19 -24 0
54 20 35 46 0
-37 -6 0
-60 -35 0
-55 -58 0
7 6 45 4 0
-12 -33 0
-17 -33 0
-55 -29 0
-56 -57 0
-61 -8 0
-44 -31 0
-61 -14 0
-62 -40 0
16 39 27 43 0
-30 -49 0
-23 -13 0
-6 -32 0
-38 -11 0
-4 -15 0
54 53 24 61 0
-56 -33 0
-23 -28 0
56 38 57 55 0
-63 -42 0
-41 -36 0
-20 -46 0
12 1 13 26 0
-54 -61 0
-51 -17 0
-39 -43 0
60 35 36 21 0
-38 -39 0
-37 -54 0
-62 -32 0
-19 -13 0
-31 -41 0
-51 -56 0
12 19 24 13 0
41 46 57 10 0
-17 -47 0
-63 -59 0
-27 -21 0
-8 -40 0
-32 -27 0
-13 -15 0
-60 -43 0
-55 -42 0
-60 -59 0
-16 -39 0
-18 -25 0
-23 -17 0
-60 -57 0
-27 -52 0
-39 -40 0
9 57 36 34 0
-47 -52 0
54 31 25 9 0
-53 -4 0
-26 -1 0
-3 -47 0
-37 -34 0
-5 -24 0
-27 -14 0
-34 -36 0
-38 -40 0
-47 -29 0
-8 -58 0
-10 -29 0
-37 -32 0
-63 -7 0
-33 -50 0
-64 -41 0
-8 -2 0
3 28 23 46 0
5 24 19 2 0
-48 -50 0
20 15 13 4 0
-5 -1 0
-40 -15 0
-62 -43 0
-36 -57 0
-34 -40 0
-38 -64 0
-36 -21 0
-63 -58 0
-60 -21 0
60 59 51 43 0
-30 -62 0
-64 -11 0
38 39 64 43 0
-3 -55 0
30 62 8 40 0
25 0
-38 -56 0
-39 -27 0
41 60 31 44 0
-12 -24 0
-20 -15 0
-26 -13 0
-3 -23 0
-23 -33 0
-47 -4 0
-9 -2 0
-26 -40 0
-56 -2 0
-47 -53 0
-41 -50 0
-54 -25 0
-60 -44 0
-10 -35 0
-26 -34 0
-44 -37 0
-63 -52 0
-44 -41 0
30 14 8 61 0
-38 -55 0
-3 -42 0
63 59 42 55 0
-61 -24 0
-3 -53 0
-10 -46 0
18 52 6 29 0
-19 -25 0
-6 -53 0
-12 -1 0
-49 -59 0
-35 -46 0
-26 -7 0
-16 -27 0
-30 -43 0
38 28 11 64 0
-29 -42 0
5 1 51 50 0
-17 -24 0
-19 -33 0
-49 -45 0
-35 -47 0
-31 -34 0
-18 -49 0
-6 -4 0
63 0
-12 -22 0
16 28 15 61 0
-48 -22 0
-12 -32 0
-12 -26 0
-26 -48 0
-13 -4 0
-64 -39 0
-64 -43 0
-6 -52 0
16 28 11 27 0
-49 -42 0
-7 -40 0
-60 -36 0
-51 -50 0
-18 -58 0
-51 -22 0
-64 -62 0
-44 -9 0
-36 -9 0
-30 -61 0
-39 -8 0
-10 -21 0
-56 -48 0
-23 -22 0
-8 -14 0
-62 -8 0
-44 -34 0
-63 -36 0
-6 -29 0
-37 -25 0
-62 -15 0
32 14 15 61 0
-37 -21 0
-38 -8 0
32 62 15 40 0
-58 -2 0
-7 -58 0
-19 -14 0
-23 -50 0
-52 -22 0
-19 -5 0
-51 -5 0
-46 -57 0
-12 -6 0
-60 -41 0
-19 -22 0
-3 -46 0
-42 -50 0
31 34 44 9 0
-18 -52 0
-32 -61 0
-39 -48 0
56 33 23 50 0
-23 -56 0
-55 -63 0
-26 -5 0
30 62 64 43 0
-60 -31 0
-54 -24 0
-18 -53 0
7 45 49 58 0
-31 -54 0
-55 -7 0
56 48 51 50 0
-61 -15 0
-10 -41 0
-47 -63 0
-41 -57 0
56 48 2 26 0
-51 -59 0
1 62 45 44 0
-49 -58 0
-12 -37 0
-30 -8 0
-29 -33 0
18 14 19 25 0
-18 -4 0
-54 -9 0
32 12 6 37 0
-7 -45 0
-44 -20 0
10 35 46 21 0
-4 -45 0
-13 -1 0
17 33 23 22 0
-30 -64 0
10 33 11 29 0
-39 -36 0
-53 -24 0
-56 -50 0
-55 -59 0
-42 -59 0
-45 -59 0
-60 -51 0
-51 -43 0
-11 -33 0
-28 -15 0
-64 -50 0
41 60 57 36 0
-63 -48 0
-7 -34 0
-43 -59 0
-17 -13 0
-32 -40 0
-36 -48 0
-35 -20 0
10 25 37 21 0
-52 -21 0
-16 -11 0
-34 -9 0
-11 -28 0
-26 -56 0
-55 -57 0
3 42 55 29 0
-16 -15 0
-51 -1 0
-23 -24 0
-11 -27 0
-62 -45 0
-30 -40 0
-30 -14 0
-16 -61 0
-54 -20 0
9 2 8 58 0
-31 -9 0
-38 -43 0
-53 -58 0
-47 -59 0
-49 -31 0
-28 -46 0
-9 -57 0
-29 -52 0
13 0
-49 -5 0
-18 -14 0
-39 -63 0
63 48 39 36 0
18 53 49 58 0
-35 -54 0
-17 -22 0
18 53 6 4 0
-61 -28 0
64 0
7 34 26 40 0
-51 -48 0
-18 -6 0
-44 -62 0
-61 -53 0
-62 -1 0
52 22 27 21 0
-3 -52 0
-3 -28 0
-10 -25 0
-49 -53 0
-54 -53 0
-52 -59 0
-48 -2 0
-58 -45 0
63 47 52 59 0
16 0
-49 -7 0
41 42 64 50 0
-64 -42 0
63 7 55 58 0
-19 -2 0
-35 -17 0
5 1 2 26 0
-1 -45 0
20 34 44 37 0
-64 -28 0
-13 -24 0
-27 -22 0
-30 -5 0
-38 -57 0
